1 -1 #SUP: 6 #SID: 0 1 2 3 5 8 
1 -1 1 -1 #SUP: 5 #SID: 0 1 2 3 8 
1 -1 1 -1 1 -1 #SUP: 5 #SID: 0 1 2 3 8 
1 -1 1 -1 1 -1 3 -1 #SUP: 4 #SID: 0 1 2 8 
1 -1 1 -1 3 -1 #SUP: 5 #SID: 0 1 2 3 8 
1 -1 1 -1 3 -1 1 -1 #SUP: 3 #SID: 1 3 8 
1 -1 1 -1 3 -1 3 -1 #SUP: 3 #SID: 1 3 8 
1 -1 2 -1 #SUP: 3 #SID: 0 1 5 
1 -1 3 -1 #SUP: 6 #SID: 0 1 2 3 5 8 
1 -1 3 -1 1 -1 #SUP: 3 #SID: 1 3 8 
1 -1 3 -1 3 -1 #SUP: 3 #SID: 1 3 8 
2 -1 #SUP: 5 #SID: 0 1 2 5 6 
2 -1 1 -1 #SUP: 4 #SID: 0 1 2 5 
2 -1 1 -1 1 -1 #SUP: 3 #SID: 0 1 2 
2 -1 1 -1 1 -1 3 -1 #SUP: 3 #SID: 0 1 2 
2 -1 1 -1 3 -1 #SUP: 4 #SID: 0 1 2 5 
2 -1 3 -1 #SUP: 5 #SID: 0 1 2 5 6 
2 -1 3 -1 3 -1 #SUP: 3 #SID: 1 5 6 
2 -1 9 -1 #SUP: 3 #SID: 1 5 6 
3 -1 #SUP: 9 #SID: 0 1 2 3 4 5 6 7 8 
3 -1 1 -1 #SUP: 5 #SID: 1 2 3 5 8 
3 -1 1 -1 3 -1 #SUP: 5 #SID: 1 2 3 5 8 
3 -1 2 -1 #SUP: 4 #SID: 1 2 5 6 
3 -1 2 -1 3 -1 #SUP: 4 #SID: 1 2 5 6 
3 -1 3 -1 #SUP: 8 #SID: 1 2 3 4 5 6 7 8 
3 -1 3 -1 3 -1 #SUP: 5 #SID: 3 4 5 6 7 
3 -1 3 -1 9 -1 #SUP: 3 #SID: 3 4 6 
3 -1 9 -1 #SUP: 5 #SID: 2 3 4 5 6 
3 -1 9 -1 1 -1 #SUP: 3 #SID: 2 3 5 
3 -1 9 -1 1 -1 3 -1 #SUP: 3 #SID: 2 3 5 
3 -1 9 -1 3 -1 #SUP: 4 #SID: 2 3 4 5 
3 -1 9 -1 3 -1 3 -1 #SUP: 3 #SID: 3 4 5 
8 -1 #SUP: 3 #SID: 1 2 5 
8 -1 1 -1 #SUP: 3 #SID: 1 2 5 
8 -1 1 -1 3 -1 #SUP: 3 #SID: 1 2 5 
8 -1 3 -1 #SUP: 3 #SID: 1 2 5 
9 -1 #SUP: 6 #SID: 1 2 3 4 5 6 
9 -1 1 -1 #SUP: 4 #SID: 1 2 3 5 
9 -1 1 -1 3 -1 #SUP: 4 #SID: 1 2 3 5 
9 -1 3 -1 #SUP: 5 #SID: 1 2 3 4 5 
9 -1 3 -1 1 -1 #SUP: 3 #SID: 1 3 5 
9 -1 3 -1 3 -1 #SUP: 4 #SID: 1 3 4 5 
